
10 <-SeedSetSize
100 <-removeNodes
1578600 <-InitialStrength
814026 <-ModStrength
0.0302167 <-ModStrengthTime
597533 <-InitialStrength of transposedGraph
780261 <-transposedGraph Strength
0.0302167 <-transposedGraph Time
0.233833 <-ModImpactTime
1576095 <-Recalculated Init Strength
733524 <-subModStrength
1.06668 <-SubModTime


nodes To remove in mod graph:	 4 0 23 47 802 15 9 2 1 3 19 92 20 807 355 145 16 510 109 6 129 998 17 818 392 579 823 100 5 831 38 817 620 87 849 88 815 91 824 140 150 861 133 557 904 279 143 122 102 90 819 111 2223 836 821 25 482 125 29 825 141 30 354 292 363 812 147 256 653 994 878 490 877 277 1059 469 42 297 855 84 251 945 2131 796 10 2546 1529 927 107 79 154 2547 12 816 2313 1167 468 74 588 98 
nodes To remove in transposedGraph: 4 0 9 47 23 15 2 802 392 1 3 92 19 807 510 20 277 998 265 145 355 2319 16 579 129 818 620 819 91 17 557 2847 499 490 100 111 102 109 54 1090 207 6 2446 38 1037 493 292 861 849 831 5 88 87 2223 817 504 150 279 1605 133 1794 56 823 297 590 125 143 334 256 140 1144 90 815 904 653 214 217 836 824 1398 1033 162 107 42 122 354 253 1595 878 1396 994 363 1000 1263 278 796 98 48 3620 1167 
nodes To remove in mod Impact graph: 4 802 47 23 15 998 807 355 92 392 9 510 831 19 557 2223 818 861 145 823 620 819 579 2 129 20 100 292 2131 653 817 1059 109 849 354 279 904 2313 2847 994 824 821 1025 1033 825 877 297 277 812 3535 102 17 2865 16 140 490 1167 1090 54 878 2446 133 588 38 1595 927 363 1411 976 2319 836 143 214 74 1263 111 1648 1021 150 316 1323 293 923 256 815 832 1696 915 447 934 493 1948 851 610 482 125 436 1092 569 590 
nodes To remove in submod graph:	 4 802 998 392 92 510 15 557 145 807 292 19 2131 861 355 279 2847 277 579 812 102 2223 620 831 1090 38 2446 1323 316 297 47 354 569 499 493 2554 994 1420 1411 129 1948 3620 1595 590 1785 25 575 20 334 256 1845 217 100 588 976 447 2365 253 1529 2672 1794 610 1769 363 1398 624 214 48 207 107 6 993 150 403 1206 12 1025 169 4083 1721 823 247 1076 948 489 704 17 386 133 140 1000 741 1144 265 219 547 1059 764 3317 54 

intersection of mod and transposedGraph nodes to remove 70
intersection of mod and submod nodes to remove 45
intersection of mod and modImpact nodes to remove 67
intersection of submod and modImpact nodes to remove 57
intersection of submod and transposedGraph nodes to remove 58
intersection of modImpact and transposedGraph nodes to remove 67
790546 <- ModImpact Strength
4 0 392 92 510 19 998 2546 557 861 
1911 <-MaxInfluence Num
Unsorted Mod SeedSet: 408 1090 915 1021 316 293 948 21 124 1323 
Unsorted SubMod SeedSet: 817 0 825 818 16 122 109 23 2313 293 
Unsorted ModImpact SeedSet: 0 1529 945 21 147 107 334 469 122 118 
Unsorted Transposed graph SeedSet: 825 812 2546 25 2131 12 2313 316 293 945 
MaxInfl Seed Set: 
0 4 19 92 392 510 557 861 998 2546 
Modular Seed Set: 
21 124 293 316 408 915 948 1021 1090 1323 
SubModular Seed Set: 
0 16 23 109 122 293 817 818 825 2313 
ModImpact Seed Set: 
0 21 107 118 122 147 334 469 945 1529 
TransposedGraph Seed Set: 
12 25 293 316 812 825 945 2131 2313 2546 

MOD	SUBMOD	MOD-IMPACT	Transposed
286 292 366 325
282 294 365 326
288 291 362 324
286 294 367 327
288 295 364 325
-0.0252453 <-subModGain
-0.275619 <-ModImpactGain
